height: 395
origin_x: 0.0
origin_y: 0.0
resolution: 0.05000000074505806
resolution_x: 0.05000000074505806
resolution_y: 0.05000000074505806
width: 422
